$ANSIBLE_VAULT;1.1;AES256
33623236313735313334353762316665636338306163343239326632636663633738643464623866
3936666333353831643266633839636264316664353232610a356132613031386636653237623139
37616633396631333763313565343635626337663236373939363131383161343536653265646533
6462353933353030390a373630303939656166303337663032653932363336636437373936376463
63613464643534323938383966333237616266366561653661333033636634303234366639623761
31313030623363666261626136656333326133383466393263313936376364613163336132666164
35376231376435313432346237616437616464346339343062343839396165383766376131653361
64623730366235316539326639353135383432616436613632643438623932646638643134373132
30616464323861666634646638306465383739333465326232353731353732353862643135623735
38613764646465373132336138303361376564343034376265613962366363386463373239653362
38616631383637316466363861313037396433656535623434373564323036383332636161323562
33316633636631666337653531653438393965306661333239356231363230313561393764663464
33653833393366663939633931623565363963323937626330356561333866656133643138653731
33636664323366356435616665623466653532613262643962313930623063306232646339643737
38636662653063613635376533633864303966633963386439643632363335373733366232343137
30336333613239633139616136623532643332613662633565366538326661663964373864333566
62333764646661666433636239626466666130643730333334396435386531393735346136643437
32363662616466346631363038396132316230376631323137323163323833653063633639376464
65646130323532373631313638333639333331393339633131316332316439353035323661306631
38353864653766636338663437653837326331373239303463373661313631343330313534636361
64323037393966623337353732303139303339353837396235646265326234663530663761343630
63623363326434363362663362636539623336393463393362323566326366373431363561306234
64656130393434623938303066363435646365656362366130343865633466356665326139396630
66386138643734373763663263313138346265333630383739336663643535373266326562376134
65363638363138616538383461336363303864653133636363363438386531346331343830323233
37326635383032306161303334313361393535376165666139313665313033313735303730303466
34386539353637346531633233383265616238396263313635646231333164363334653165333836
32373033316462313361643962316463633535386638613962643032343239306266353639306136
32636539623866303339336339316638333462616330633164663762333534326162
